%% Scale Weight Data

% distance(m) PWM volts Hall(raw) weight(grams)
data=[.022  0 0 671 -1.54;
    .022 100 .29 680 -2.48;
    .022 90 .19 680 -2.18;
    .022 60 .09 675 -1.83;
    .022 70 .1 680 -1.91;
    .022 80 .15 680 -2;
    .022 105 .35 683 -2.69;
    .03 0 0 560 -.38;
    .03 100 .29 570 -.88;
    .03 150 .85 590 -1.82;
    .03 200 1.27 610 -2.58;
    .03 220 1.35 610 -2.87;
    .03 230 1.42 610 -3;
    .038 0 0 530 -.18;
    .038 100 .3 545 -.49;
    .038 150 .87 560 -.90;
    .038 200 1.27 570 -1.38;
    .038 255 1.73 586 -1.83;];

d=data(:,1);PWM=data(:,2);volts=data(:,3);hall=data(:,4);w=data(:,5);
